C01 -836.961 -736.32 -176.827 -83.3606
C02 -749.398 -687.089 111.675 184.901
C03 -486.432 -423.124 -165.576 -95.7443
C04 -491.351 -426.151 26.4154 72.981
C05 -470.512 -421.882 144.941 179.653
C06 -168.659 -108.979 -162.421 -95.0898
C07 -152.796 -127.292 65.4563 102.784
C08 -152.817 -108.23 182.372 217.314
C09 125.384 177.647 -464.204 -408.554
C10 127.343 200.009 -169.558 -76.7676
C11 147.471 208.418 177.571 217.48
C12 320.213 379.87 -472.846 -417.983
C13 312.4 396.076 -168.038 -87.2261
C14 342.614 395.695 167.473 205.388
C15 593.233 638.956 -154.621 -114.796
C16 879.437 933.734 -131.711 -97.5822
C17 903.794 934.886 -38.6179 1.0018
C18 897.068 933.994 47.9817 81.3462
C19 892.842 937.519 147.657 177.421
C20 1005.34 1099.6 -172.631 -84.0525
C21 1064.38 1096.77 139.134 165.808