C01 -836.961 -730.32 -176.827 -83.3606
C02 -749.398 -682.089 111.675 184.901
C03 -491.432 -420.124 -165.576 -95.7443
C04 -491.351 -412.151 25.4154 73.981
C05 -475.512 -417.882 144.141 179.653
C06 -173.659 -101.979 -164.421 -91.0898
C07 -170.796 -122.292 64.4563 104.784
C08 -154.817 -102.23 180.372 217.314
C09 118.384 181.647 -467.204 -405.554
C10 124.343 204.009 -173.558 -73.7676
C11 144.471 214.418 176.571 225.48
C12 316.213 385.87 -476.846 -413.983
C13 309.4 400.076 -171.038 -84.2261
C14 336.614 398.695 165.473 210.388
C15 590.233 642.956 -154.621 -112.796
C16 875.437 933.734 -135.711 -92.5822
C17 900.794 945.886 -40.6179 3.0018
C18 881.068 949.994 45.9817 83.3462
C19 891.842 940.519 145.657 180.421
C20 1004.34 1101.6 -175.631 -76.0525
C21 1062.38 1098.77 138.134 170.808
